1	1
2	1
3	6
4	2
5	7
6	23
7	20
8	4
9	5
10	21
11	66
12	70
13	83
14	67
15	88
16	8
17	25
18	9
19	30
20	90
21	79
22	95
23	284
24	268
25	333
26	349
27	346
28	286
29	283
30	347
31	336
32	16
33	17
34	81
35	86
36	18
37	23
38	71
39	260
40	276
41	341
42	261
43	274
44	342
45	1027
46	1043
47	1096
48	1048
49	1097
50	1113
51	1294
52	1354
53	1311
54	1359
55	1036
56	1052
57	1117
58	1037
59	1098
60	1294
61	1355
62	1291
63	1376
64	32
65	97
66	33
67	102
68	290
69	359
70	311
71	372
72	100
73	37
74	117
75	290
76	358
77	307
78	1059
79	1144
80	1064
81	1145
82	1385
83	1342
84	1402
85	1135
86	1087
87	1148
88	1388
89	1325
90	1405
91	4218
92	4158
93	4411
94	4475
95	4464
96	4144
97	4145
98	4209
99	4470
100	4402
101	5175
102	5159
103	5220
104	5492
105	5429
106	5157
107	5170
108	5238
109	5475
110	5491
111	4200
112	4152
113	4393
114	4409
115	4142
116	4138
117	4223
118	4463
119	4460
120	5244
121	5245
122	5485
123	5482
124	5230
125	5227
126	5483
127	5440
128	64
129	65
130	321
131	326
132	66
133	71
134	343
135	340
136	1092
137	1093
138	1365
139	1026
140	1030
141	1299
142	1283
143	24
144	72
145	345
146	329
147	94
148	282
149	271
150	1055
151	1116
152	1356
153	1037
154	1053
155	1306
156	1374
157	4187
158	4379
159	4368
160	4176
161	4177
162	4369
163	5142
164	5202
165	5463
166	5127
167	5188
168	5460
169	4117
170	4165
171	4434
172	4118
173	4163
174	4435
175	5128
176	5208
177	5385
178	5145
179	5198
180	5386
181	16479
182	16655
183	16716
184	16476
185	16669
186	16717
187	17418
188	17742
189	17419
190	17483
191	17696
192	16480
193	16673
194	16737
195	16422
196	16738
197	17447
198	17527
199	17716
200	17444
201	17765
202	20533
203	20578
204	20774
205	20595
206	20835
207	21560
208	21608
209	21817
210	21545
211	21886
212	20538
213	20783
214	20863
215	20540
216	20780
217	21613
218	21821
219	21562
220	21630
221	21883
222	16443
223	16688
224	16496
225	16753
226	17457
227	17718
228	17778
229	17527
230	17767
231	16420
232	16692
233	16501
234	16741
235	17522
236	17718
237	17443
238	17715
239	20520
240	20600
241	20841
242	20601
243	20846
244	21610
245	21823
246	21551
247	21804
248	20540
249	20797
250	20525
251	20778
252	21550
253	21803
254	21547
255	21888
256	128
257	385
258	129
259	390
260	1154
261	1415
262	1175
263	1428
264	132
265	389
266	149
267	450
268	1222
269	1491
270	1219
271	1496
272	4488
273	4249
274	4489
275	5278
276	5594
277	5327
278	5599
279	4252
280	4492
281	4301
282	4573
283	5338
284	5278
285	5531
286	219
287	464
288	144
289	401
290	1233
291	1494
292	1426
293	151
294	455
295	132
296	404
297	1237
298	1157
299	1426
300	4310
301	4483
302	4243
303	4552
304	5528
305	5321
306	5593
307	4238
308	4554
309	4511
310	5327
311	5516
312	5276
313	5597
314	16781
315	16586
316	16782
317	17611
318	17547
319	17888
320	16544
321	16865
322	16801
323	17638
324	17826
325	17639
326	20663
327	20980
328	20708
329	21669
330	22005
331	21666
332	21990
333	20915
334	20643
335	20984
336	21928
337	21753
338	21993
339	16830
340	16634
341	16879
342	17855
343	17660
344	17900
345	16813
346	16637
347	16890
348	17854
349	17595
350	17915
351	20976
352	20656
353	21681
354	22001
355	21750
356	20658
357	20919
358	20903
359	21732
360	22004
361	21941
362	65701
363	65714
364	66038
365	66787
366	66803
367	67048
368	65976
369	65705
370	66745
371	66990
372	66986
373	69887
374	70127
375	70124
376	70908
377	70909
378	71149
379	70122
380	69870
381	70891
382	71147
383	71104
384	65728
385	65729
386	65985
387	67014
388	66754
389	65735
390	66007
391	66004
392	66756
393	66757
394	67029
395	70018
396	70022
397	70803
398	70787
399	71064
400	70088
401	69849
402	70857
403	71134
404	71066
405	82319
406	82079
407	83164
408	83404
409	83341
410	82333
411	82074
412	83166
413	83419
414	83355
415	86416
416	86224
417	87249
418	87185
419	87446
420	86482
421	86231
422	87175
423	87236
424	87508
425	82325
426	82373
427	83154
428	83094
429	82115
430	82387
431	82312
432	83416
433	83337
434	86169
435	86222
436	87178
437	87519
438	87439
439	86476
440	86236
441	87197
442	87245
443	65674
444	65998
445	65931
446	67019
447	66976
448	65760
449	65697
450	66785
451	66726
452	67042
453	70055
454	70135
455	71092
456	71076
457	69861
458	69813
459	70882
460	70822
461	71155
462	66019
463	65976
464	67048
465	67001
466	65961
467	65790
468	66746
469	66735
470	69887
471	69820
472	70828
473	71149
474	71101
475	70074
476	70142
477	71163
478	71099
479	82352
480	82160
481	83185
482	83121
483	82102
484	82162
485	83191
486	83175
487	86180
488	86196
489	86517
490	87525
491	87538
492	86454
493	86435
494	87475
495	87464
496	82424
497	82409
498	83449
499	83438
500	82410
501	82367
502	83375
503	83372
504	86460
505	86461
506	87469
507	87466
508	86446
509	86443
510	87467
511	87296
512	256
513	257
514	1281
515	1286
516	258
517	263
518	1303
519	1300
520	4356
521	4357
522	5397
523	5442
524	4422
525	4435
526	5443
527	5464
528	264
529	281
530	1289
531	1310
532	346
533	335
534	1375
535	4124
536	4108
537	5197
538	5213
539	4186
540	4126
541	5147
542	5211
543	16464
544	16656
545	17681
546	17745
547	16726
548	16658
549	17687
550	17735
551	20484
552	21524
553	21589
554	20485
555	20498
556	21590
557	21763
558	16659
559	16712
560	17688
561	17737
562	16729
563	17422
564	17482
565	20511
566	20559
567	21772
568	21788
569	20829
570	20749
571	21834
572	14
573	75
574	1035
575	1120
576	288
577	353
578	1313
579	1382
580	4130
581	5223
582	5175
583	4212
584	4452
585	5413
586	5493
587	34
588	1126
589	1075
590	291
591	376
592	1320
593	1401
594	4201
595	5182
596	5242
597	4463
598	4415
599	5500
600	16492
601	16429
602	17533
603	17786
604	16702
605	17467
606	17531
607	20592
608	20784
609	21809
610	21873
611	20598
612	21554
613	21815
614	16679
615	16740
616	17524
617	16437
618	16677
619	17714
620	17782
621	20579
622	21619
623	21864
624	20792
625	21545
626	21561
627	65838
628	65834
629	66943
630	65647
631	65644
632	66940
633	66941
634	69741
635	70762
636	71022
637	69995
638	70763
639	70720
640	65856
641	65857
642	66625
643	65606
644	65858
645	66887
646	69719
647	69716
648	70980
649	70981
650	69717
651	70914
652	70918
653	81939
654	82947
655	83224
656	82248
657	83033
658	83017
659	86366
660	87066
661	87055
662	86303
663	86364
664	87116
665	82189
666	82205
667	82970
668	82014
669	82267
670	82971
671	86032
672	86352
673	87377
674	86033
675	86294
676	87378
677	65623
678	65799
679	66884
680	65620
681	65813
682	66885
683	69714
684	69910
685	70979
686	69715
687	69896
688	71000
689	65545
690	65817
691	66894
692	65546
693	65887
694	66575
695	69708
696	69980
697	70685
698	69709
699	69898
700	70734
701	82187
702	82251
703	82976
704	82272
705	82977
706	83041
707	86310
708	87138
709	87335
710	86391
711	87092
712	87332
713	82021
714	83253
715	83298
716	81958
717	83315
718	86115
719	86328
720	87400
721	86073
722	86313
723	87166
724	262458
725	263215
726	263295
727	262460
728	263212
729	263533
730	266301
731	267578
732	267646
733	266363
734	267579
735	262192
736	262512
737	263281
738	262449
739	263222
740	263282
741	266615
742	267367
743	267556
744	266292
745	267637
746	278629
747	278898
748	279606
749	278819
750	279603
751	279848
752	283000
753	283753
754	284025
755	282734
756	284010
757	278591
758	278831
759	279596
760	278844
761	279613
762	279853
763	282666
764	283950
765	282667
766	282923
767	283776
768	262528
769	263297
770	263553
771	262278
772	263554
773	266375
774	266647
775	267412
776	266628
777	267397
778	267669
779	262338
780	263622
781	262355
782	262595
783	263384
784	266376
785	267673
786	266377
787	266654
788	267482
789	278991
790	279775
791	279964
792	278668
793	280013
794	282845
795	283098
796	284062
797	282779
798	284123
799	278736
800	278928
801	279697
802	278993
803	279766
804	282770
805	283031
806	283847
807	283012
808	283796
809	284117
810	328069
811	328850
812	328150
813	328835
814	329107
815	331976
816	332952
817	332233
818	333017
819	333198
820	327882
821	328863
822	328143
823	328844
824	329116
825	331997
826	332941
827	332234
828	332942
829	333259
830	344459
831	345312
832	344480
833	345313
834	348321
835	348646
836	349346
837	348647
838	349623
839	344308
840	344548
841	345509
842	344309
843	345506
844	348390
845	349363
846	349603
847	348408
848	349352
849	328185
850	328937
851	327870
852	328186
853	328943
854	331967
855	333308
856	332012
857	332973
858	333309
859	327930
860	328894
861	328123
862	328955
863	332016
864	332208
865	333233
866	332017
867	333302
868	344498
869	345271
870	344231
871	344548
872	345332
873	348341
874	349605
875	348594
876	349430
877	349667
878	344563
879	345320
880	344248
881	345513
882	348601
883	349358
884	348330
885	348671
886	349423
887	262380
888	263676
889	262653
890	263405
891	266474
892	266734
893	267755
894	266475
895	267456
896	262592
897	263617
898	262337
899	263366
900	263618
901	266695
902	267479
903	266452
904	267716
905	278981
906	279765
907	278658
908	279686
909	279955
910	283011
911	283800
912	282824
913	284121
914	278985
915	279774
