1	1
2	1
3	6
4	2
5	7
6	23
7	20
8	4
9	5
10	21
11	66
12	70
13	83
14	67
15	88
16	8
17	25
18	9
19	30
20	90
21	79
22	95
23	284
24	268
25	333
26	349
27	346
28	286
29	283
30	347
31	336
32	16
33	17
34	81
35	86
36	18
37	23
38	71
39	260
40	276
41	341
42	261
43	274
44	342
45	1027
46	1043
47	1096
48	1048
49	1097
50	1113
51	1294
52	1354
53	1311
54	1359
55	1036
56	1052
57	1117
58	1037
59	1098
60	1294
61	1355
62	1291
63	1376
64	32
65	97
66	33
67	102
68	290
69	359
70	311
71	372
72	100
73	37
74	117
75	290
76	358
77	307
78	1059
79	1144
80	1064
81	1145
82	1385
83	1342
84	1402
85	1135
86	1087
87	1148
88	1388
89	1325
90	1405
91	4218
92	4158
93	4411
94	4475
95	4464
96	4144
97	4145
98	4209
99	4470
100	4402
101	5175
102	5159
103	5220
104	5492
105	5429
106	5157
107	5170
108	5238
109	5475
110	5491
111	4200
112	4152
113	4393
114	4409
115	4142
116	4138
117	4223
118	4463
119	4460
120	5244
121	5245
122	5485
123	5482
124	5230
125	5227
126	5483
127	5440
128	64
129	65
130	321
131	326
132	66
133	71
134	343
135	340
136	1092
137	1093
138	1365
139	1026
140	1030
141	1299
142	1283
143	24
144	72
145	345
146	329
147	94
148	282
149	271
150	1055
151	1116
152	1356
153	1037
154	1053
155	1306
156	1374
157	4187
158	4379
159	4368
160	4176
161	4177
162	4369
163	5142
164	5202
165	5463
166	5127
167	5188
168	5460
169	4117
170	4165
171	4434
172	4118
173	4163
174	4435
175	5128
176	5208
177	5385
178	5145
179	5198
180	5386
181	16479
182	16655
183	16716
184	16476
185	16669
186	16717
187	17418
188	17742
189	17419
190	17483
191	17696
192	16480
193	16673
194	16737
195	16422
196	16738
197	17447
198	17527
199	17716
200	17444
201	17765
202	20533
203	20578
204	20774
205	20595
206	20835
207	21560
208	21608
209	21817
210	21545
211	21886
212	20538
213	20783
214	20863
215	20540
216	20780
217	21613
218	21821
219	21562
220	21630
221	21883
222	16443
223	16688
224	16496
225	16753
226	17457
227	17718
228	17778
229	17527
230	17767
231	16420
232	16692
233	16501
234	16741
235	17522
236	17718
237	17443
238	17715
239	20520
240	20600
241	20841
242	20601
243	20846
244	21610
245	21823
246	21551
247	21804
248	20540
249	20797
250	20525
251	20778
252	21550
253	21803
254	21547
255	21888
256	128
257	385
258	129
259	390
260	1154
261	1415
262	1175
263	1428
264	132
265	389
266	149
267	450
268	1222
269	1491
270	1219
271	1496
272	4488
273	4249
274	4489
275	5278
276	5594
277	5327
278	5599
279	4252
280	4492
281	4301
282	4573
283	5338
284	5278
285	5531
286	219
287	464
288	144
289	401
290	1233
291	1494
292	1426
293	151
294	455
295	132
296	404
297	1237
298	1157
299	1426
300	4310
301	4483
302	4243
303	4552
304	5528
305	5321
306	5593
307	4238
308	4554
309	4511
310	5327
311	5516
312	5276
313	5597
314	16781
315	16586
316	16782
317	17611
318	17547
319	17888
320	16544
321	16865
322	16801
323	17638
324	17826
325	17639
326	20663
327	20980
328	20708
329	21669
330	22005
331	21666
332	21990
333	20915
334	20643
335	20984
336	21928
337	21753
338	21993
339	16830
340	16634
341	16879
342	17855
343	17660
344	17900
345	16813
346	16637
347	16890
348	17854
349	17595
350	17915
351	20976
352	20656
353	21681
354	22001
355	21750
356	20658
357	20919
358	20903
359	21732
360	22004
361	21941
362	65701
363	65714
364	66038
365	66787
366	66803
367	67048
368	65976
369	65705
370	66745
371	66990
372	66986
373	69887
374	70127
375	70124
376	70908
377	70909
378	71149
379	70122
380	69870
381	70891
382	71147
383	71104
384	65728
385	65729
386	65985
387	67014
388	66754
389	65735
390	66007
391	66004
392	66756
393	66757
394	67029
395	70018
396	70022
397	70803
398	70787
399	71064
400	70088
401	69849
402	70857
403	71134
404	71066
405	82319
406	82079
407	83164
408	83404
409	83341
410	82333
411	82074
412	83166
413	83419
414	83355
415	86416
416	86224
417	87249
418	87185
419	87446
420	86482
421	86231
422	87175
423	87236
424	87508
425	82325
426	82373
427	83154
428	83094
429	82115
430	82387
431	82312
432	83416
433	83337
434	86169
435	86222
436	87178
437	87519
438	87439
439	86476
440	86236
441	87197
442	87245
443	65674
444	65998
445	65931
446	67019
447	66976
448	65760
449	65697
450	66785
451	66726
452	67042
453	70055
454	70135
455	71092
456	71076
457	69861
458	69813
459	70882
460	70822
461	71155
462	66019
463	65976
464	67048
465	67001
466	65961
467	65790
468	66746
469	66735
470	69887
471	69820
472	70828
473	71149
474	71101
475	70074
476	70142
477	71163
478	71099
479	82352
480	82160
481	83185
482	83121
483	82102
484	82162
485	83191
486	83175
487	86180
488	86196
489	86517
490	87525
491	87538
492	86454
493	86435
494	87475
495	87464
496	82424
497	82409
498	83449
499	83438
500	82410
501	82367
502	83375
503	83372
504	86460
505	86461
506	87469
507	87466
508	86446
509	86443
510	87467
511	87296
512	256
513	257
514	1281
515	1286
516	258
517	263
518	1303
519	1300
520	4356
521	4357
522	5397
523	5442
524	4422
525	4435
526	5443
527	5464
528	264
529	281
530	1289
531	1310
532	346
533	335
534	1375
535	4124
536	4108
537	5197
538	5213
539	4186
540	4126
541	5147
542	5211
543	16464
544	16656
545	17681
546	17745
547	16726
548	16658
549	17687
550	17735
551	20484
552	21524
553	21589
554	20485
555	20498
556	21590
557	21763
558	16659
559	16712
560	17688
561	17737
562	16729
563	17422
564	17482
565	20511
566	20559
567	21772
568	21788
569	20829
570	20749
571	21834
572	14
573	75
574	1035
575	1120
576	288
577	353
578	1313
579	1382
580	4130
581	5223
582	5175
583	4212
584	4452
585	5413
586	5493
587	34
588	1126
589	1075
590	291
591	376
592	1320
593	1401
594	4201
595	5182
596	5242
597	4463
598	4415
599	5500
600	16492
601	16429
602	17533
603	17786
604	16702
605	17467
606	17531
607	20592
608	20784
609	21809
610	21873
611	20598
612	21554
613	21815
614	16679
615	16740
616	17524
617	16437
618	16677
619	17714
620	17782
621	20579
622	21619
623	21864
624	20792
625	21545
626	21561
627	65838
628	65834
629	66943
630	65647
631	65644
632	66940
633	66941
634	69741
635	70762
636	71022
637	69995
638	70763
639	70720
640	65856
641	65857
642	66625
643	65606
644	65858
645	66887
646	69719
647	69716
648	70980
649	70981
650	69717
651	70914
652	70918
653	81939
654	82947
655	83224
656	82248
657	83033
658	83017
659	86366
660	87066
661	87055
662	86303
663	86364
664	87116
665	82189
666	82205
667	82970
668	82014
669	82267
670	82971
671	86032
672	86352
673	87377
674	86033
675	86294
676	87378
677	65623
678	65799
679	66884
680	65620
681	65813
682	66885
683	69714
684	69910
685	70979
686	69715
687	69896
688	71000
689	65545
690	65817
691	66894
692	65546
693	65887
694	66575
695	69708
696	69980
697	70685
698	69709
699	69898
700	70734
701	82187
702	82251
703	82976
704	82272
705	82977
706	83041
707	86310
708	87138
709	87335
710	86391
711	87092
712	87332
713	82021
714	83253
715	83298
716	81958
717	83315
718	86115
719	86328
720	87400
721	86073
722	86313
723	87166
724	262458
725	263215
726	263295
727	262460
728	263212
729	263533
730	266301
731	267578
732	267646
733	266363
734	267579
735	262192
736	262512
737	263281
738	262449
739	263222
740	263282
741	266615
742	267367
743	267556
744	266292
745	267637
746	278629
747	278898
748	279606
749	278819
750	279603
751	279848
752	283000
753	283753
754	284025
755	282734
756	284010
757	278591
758	278831
759	279596
760	278844
761	279613
762	279853
763	282666
764	283950
765	282667
766	282923
767	283776
768	262528
769	263297
770	263553
771	262278
772	263554
773	266375
774	266647
775	267412
776	266628
777	267397
778	267669
779	262338
780	263622
781	262355
782	262595
783	263384
784	266376
785	267673
786	266377
787	266654
788	267482
789	278991
790	279775
791	279964
792	278668
793	280013
794	282845
795	283098
796	284062
797	282779
798	284123
799	278736
800	278928
801	279697
802	278993
803	279766
804	282770
805	283031
806	283847
807	283012
808	283796
809	284117
810	328069
811	328850
812	328150
813	328835
814	329107
815	331976
816	332952
817	332233
818	333017
819	333198
820	327882
821	328863
822	328143
823	328844
824	329116
825	331997
826	332941
827	332234
828	332942
829	333259
830	344459
831	345312
832	344480
833	345313
834	348321
835	348646
836	349346
837	348647
838	349623
839	344308
840	344548
841	345509
842	344309
843	345506
844	348390
845	349363
846	349603
847	348408
848	349352
849	328185
850	328937
851	327870
852	328186
853	328943
854	331967
855	333308
856	332012
857	332973
858	333309
859	327930
860	328894
861	328123
862	328955
863	332016
864	332208
865	333233
866	332017
867	333302
868	344498
869	345271
870	344231
871	344548
872	345332
873	348341
874	349605
875	348594
876	349430
877	349667
878	344563
879	345320
880	344248
881	345513
882	348601
883	349358
884	348330
885	348671
886	349423
887	262380
888	263676
889	262653
890	263405
891	266474
892	266734
893	267755
894	266475
895	267456
896	262592
897	263617
898	262337
899	263366
900	263618
901	266695
902	267479
903	266452
904	267716
905	278981
906	279765
907	278658
908	279686
909	279955
910	283011
911	283800
912	282824
913	284121
914	278985
915	279774
916	278682
917	279695
918	279967
919	283100
920	283852
921	282765
922	283805
923	262554
924	263646
925	262363
926	263323
927	266384
928	266704
929	267729
930	266641
931	267414
932	262354
933	263639
934	262535
935	263620
936	266452
937	267413
938	266437
939	266706
940	267670
941	278979
942	279763
943	278664
944	279768
945	282761
946	284057
947	283086
948	284042
949	278751
950	279695
951	278732
952	279004
953	279965
954	283085
955	284042
956	282830
957	283787
958	327883
959	328864
960	328160
961	329121
962	332257
963	333222
964	332002
965	332967
966	327927
967	328884
968	327844
969	328165
970	329141
971	332258
972	333222
973	332019
974	333027
975	344248
976	345320
977	344249
978	345257
979	348670
980	349626
981	348591
982	349695
983	344508
984	345516
985	344301
986	345277
987	348346
988	349438
989	348411
990	349371
991	327856
992	328176
993	329201
994	328113
995	329142
996	332274
997	333303
998	332263
999	333220
1000	328116
1001	328949
1002	327909
1003	328946
1004	331958
1005	332963
1006	331955
1007	332968
1008	344312
1009	345321
1010	344313
1011	345326
1012	348394
1013	349375
1014	348335
1015	349356
1016	344252
1017	345277
1018	344237
1019	345258
1020	348334
1021	349355
1022	348331
1023	349696
1024	512
1025	1537
1026	513
1027	1542
1028	4610
1029	5639
1030	4631
1031	5652
1032	516
1033	1541
1034	533
1035	1602
1036	4678
1037	5715
1038	4675
1039	5720
1040	16904
1041	17945
1042	16905
1043	17950
1044	21082
1045	22095
1046	21087
1047	22300
1048	17164
1049	18253
1050	17245
1051	18266
1052	21278
1053	22299
1054	21339
1055	22352
1056	1552
1057	529
1058	1617
1059	4694
1060	5650
1061	4631
1062	5703
1063	772
1064	1812
1065	853
1066	1797
1067	4882
1068	5974
1069	4611
1070	5651
1071	16968
1072	17944
1073	16969
1074	18009
1075	21262
1076	22346
1077	21279
1078	22351
1079	17932
1080	16924
1081	18013
1082	21005
1083	22090
1084	21262
1085	22347
1086	66315
1087	67424
1088	66080
1089	67169
1090	70177
1091	71270
1092	70434
1093	71527
1094	66359
1095	67444
1096	67172
1097	70181
1098	71285
1099	70434
1100	71526
1101	82739
1102	83491
1103	82552
1104	83496
1105	86649
1106	87913
1107	86846
1108	87930
1109	83567
1110	82495
1111	83580
1112	86892
1113	87853
1114	86909
1115	87674
1116	66110
1117	67387
1118	66427
1119	67440
1120	71216
1121	70193
1122	71281
1123	66422
1124	67378
1125	66103
1126	67111
1127	70244
1128	71540
1129	70453
1130	82469
1131	83506
1132	82550
1133	83811
1134	86899
1135	87656
1136	86584
1137	87849
1138	82745
1139	82478
1140	83498
1141	86655
1142	87919
1143	86892
1144	87676
1145	637
1146	1901
1147	874
1148	4718
1149	5739
1150	4971
1151	5952
1152	576
1153	1601
1154	833
1155	1862
1156	5698
1157	4679
1158	5975
1159	17236
1160	17988
1161	16965
1162	18261
1163	22018
1164	20998
1165	22291
1166	17155
1167	17944
1168	16968
1169	18265
1170	21321
1171	21086
1172	22298
1173	783
1174	1567
1175	604
1176	1868
1177	5645
1178	4637
1179	5914
1180	862
1181	1627
1182	795
1183	1808
1184	5712
1185	4689
1186	5905
1187	16918
1188	18002
1189	17239
1190	20999
1191	22084
1192	21332
1193	22037
1194	16965
1195	18258
1196	17942
1197	21059
1198	22355
1199	21000
1200	22104
1201	66313
1202	66073
1203	67150
1204	70410
1205	71263
1206	70415
1207	71500
1208	67164
1209	66333
1210	67405
1211	70154
1212	71502
1213	71179
1214	82507
1215	83744
1216	82528
1217	83745
1218	86881
1219	86566
1220	87906
1221	82471
1222	83575
1223	82740
1224	86564
1225	87909
1226	86581
1227	87650
1228	66342
1229	66163
1230	67427
1231	70200
1232	71272
1233	70457
1234	66089
1235	67454
1236	66106
1237	67375
1238	70527
1239	70204
1240	71468
1241	82541
1242	83773
1243	83514
1244	86654
1245	87931
1246	86587
1247	87856
1248	83568
1249	82801
1250	83505
1251	86838
1252	87922
1253	87671
1254	263015
1255	263716
1256	262964
1257	266869
1258	268133
1259	266866
1260	268086
1261	263715
1262	262963
1263	263720
1264	266872
1265	268137
1266	267897
1267	279406
1268	280170
1269	279359
1270	283183
1271	284460
1272	283196
1273	284477
1274	280109
1275	279338
1276	280110
1277	283435
1278	283179
1279	284544
1280	262784
1281	264065
1282	263809
1283	267142
1284	267906
1285	267143
1286	262807
1287	264084
1288	262788
1289	264069
1290	267925
1291	267202
1292	267974
1293	279507
1294	279235
1295	280536
1296	283528
1297	283289
1298	284553
1299	279198
1300	280538
1301	280271
1302	283615
1303	284316
1304	283532
1305	328397
1306	329693
1307	328410
1308	332446
1309	333723
1310	332507
1311	333776
1312	329360
1313	328593
1314	329425
1315	332758
1316	332690
1317	333463
1318	345031
1319	344708
1320	346004
1321	348885
1322	348805
1323	350098
1324	344790
1325	345987
1326	345747
1327	349128
1328	350104
1329	349897
1330	328665
1331	329358
1332	328650
1333	332703
1334	333519
1335	332684
1336	328348
1337	329693
1338	328589
1339	332490
1340	333710
1341	332491
1342	344715
1343	346080
1344	344736
1345	346081
1346	350113
1347	348902
1348	350114
1349	345831
1350	344759
1351	346100
1352	349924
1353	348837
1354	350197
1355	263842
1356	263142
1357	264115
1358	267939
1359	267256
1360	268200
1361	263929
1362	263145
1363	264126
1364	268026
1365	267247
1366	268223
1367	280316
1368	279532
1369	280493
1370	284413
1371	283642
1372	284606
1373	280251
1374	279547
1375	280560
1376	284336
1377	283313
1378	284657
1379	263926
1380	262834
1381	264119
1382	268199
1383	266980
1384	268276
1385	264117
1386	262821
1387	266930
1388	268278
1389	266979
1390	279283
1391	280552
1392	279480
1393	283305
1394	284345
1395	283566
1396	279466
1397	280319
1398	279535
1399	283628
1400	284412
1401	284413
1402	328685
1403	329706
1404	329454
1405	332523
1406	333803
1407	333760
1408	328384
1409	328385
1410	329665
1411	332742
1412	332482
1413	333511
1414	345047
1415	345044
1416	345796
1417	349893
1418	349141
1419	350082
1420	345990
1421	344723
1422	348803
1423	350104
1424	349128
1425	328409
1426	329417
1427	328670
1428	332698
1429	333711
1430	333471
1431	328412
1432	329676
1433	329613
1434	332701
1435	332442
1436	333534
1437	345051
1438	344987
1439	346000
1440	349904
1441	348881
1442	344721
1443	346006
1444	345042
1445	348887
1446	349831
1447	349892
1448	1049556
1449	1050517
1450	1050565
1451	1053394
1452	1053334
1453	1054403
1454	1049555
1455	1049480
1456	1050584
1457	1054601
1458	1053337
1459	1065678
1460	1066634
1461	1065951
1462	1069967
1463	1071052
1464	1070812
1465	1065629
1466	1065677
1467	1066634
1468	1070030
1469	1069963
1470	1071051
1471	1050528
1472	1049312
1473	1053345
1474	1054433
1475	1054374
1476	1049570
1477	1050535
1478	1050615
1479	1053620
1480	1053604
1481	1054437
1482	1066677
1483	1065698
1484	1069734
1485	1071091
1486	1070051
1487	1065912
1488	1066984
1489	1066937
1490	1069993
1491	1069822
1492	1070778
1493	1115823
1494	1114879
1495	1118908
1496	1119916
1497	1119213
1498	1115069
1499	1116090
1500	1116158
1501	1119227
1502	1119163
1503	1120176
1504	1132272
1505	1131249
1506	1135281
1507	1136310
1508	1136370
1509	1131255
1510	1131239
1511	1132196
1512	1136308
1513	1135605
1514	1136613
1515	1116146
1516	1115062
1517	1119139
1518	1120179
1519	1120168
1520	1115128
1521	1115113
1522	1116153
1523	1120238
1524	1119210
1525	1131455
1526	1132463
1527	1132460
1528	1135548
1529	1135549
1530	1136557
1531	1132458
1532	1131438
1533	1135531
1534	1136555
1535	1136384
1536	1049344
1537	1049345
1538	1050369
1539	1054470
1540	1053442
1541	1049351
1542	1050391
1543	1050388
1544	1053444
1545	1053445
1546	1054485
1547	1066818
1548	1065798
1549	1069907
1550	1070915
1551	1070936
1552	1065736
1553	1065753
1554	1066761
1555	1070878
1556	1069914
1557	1049423
1558	1050463
1559	1050140
1560	1054220
1561	1053261
1562	1049181
1563	1050202
1564	1050142
1565	1053211
1566	1053275
1567	1054288
1568	1066768
1569	1065745
1570	1069905
1571	1070934
1572	1070866
1573	1065751
1574	1065799
1575	1069572
1576	1070612
1577	1070677
1578	1114629
1579	1114642
1580	1115734
1581	1120003
1582	1118995
1583	1114952
1584	1115928
1585	1115977
1586	1119065
1587	1118734
1588	1131082
1589	1132063
1590	1132111
1591	1135372
1592	1135388
1593	1136477
1594	1132301
1595	1131338
1596	1135118
1597	1135179
1598	1136139
1599	1115744
1600	1114912
1601	1119073
1602	1120033
1603	1120102
1604	1115682
1605	1114727
1606	1118775
1607	1119860
1608	1120100
1609	1131301
1610	1131381
1611	1135138
1612	1136230
1613	1136179
1614	1131299
1615	1131384
1616	1132328
1617	1136505
1618	1136233
1619	1311294
1620	1311354
1621	1312623
1622	1316671
1623	1315708
1624	1311340
1625	1311277
1626	1312381
1627	1316730
1628	1315646
1629	1327675
1630	1327739
1631	1328752
1632	1333040
1633	1332017
1634	1327985
1635	1327734
1636	1328690
1637	1333047
1638	1332007
1639	1311588
1640	1311348
1641	1312309
1642	1316645
1643	1315634
1644	1311606
1645	1311331
1646	1312371
1647	1316712
1648	1315640
1649	1327657
1650	1327673
1651	1328942
1652	1333034
1653	1332095
1654	1327727
1655	1327724
1656	1329020
1657	1333117
1658	1332845
1659	1376874
1660	1377134
1661	1378155
1662	1381995
1663	1381952
1664	1377088
1665	1377089
1666	1380929
1667	1381958
1668	1382210
1669	1393479
1670	1393239
1671	1397332
1672	1398596
1673	1398597
1674	1394261
1675	1393410
1676	1397510
1677	1397267
1678	1398275
1679	1378072
1680	1377096
1681	1380953
1682	1380937
1683	1382238
1684	1377818
1685	1377807
1686	1381151
1687	1381212
1688	1393228
1689	1394445
1690	1394461
1691	1398298
1692	1397342
1693	1393499
1694	1393179
1695	1394192
1696	1398608
1697	1397585
1698	1311249
1699	1311510
1700	1312594
1701	1316439
1702	1316615
1703	1311556
1704	1311316
1705	1315605
1706	1316677
1707	1316434
1708	1328918
1709	1327939
1710	1331795
1711	1331976
1712	1333080
1713	1328649
1714	1328921
1715	1332046
1716	1331722
1717	1311583
1718	1311247
1719	1312332
1720	1316700
1721	1316381
1722	1311309
1723	1311498
1724	1315406
1725	1316619
1726	1316683
1727	1328672
1728	1327968
1729	1331745
1730	1331809
1731	1333030
1732	1328738
1733	1328935
1734	1332087
1735	1331764
1736	1377060
1737	1376869
1738	1378101
1739	1382242
1740	1381926
1741	1377139
1742	1376867
1743	1381176
1744	1382248
1745	1381945
1746	1394473
1747	1394302
1748	1397562
1749	1397295
1750	1393279
1751	1394492
1752	1394220
1753	1398637
1754	1398333
1755	1377082
1756	1377150
1757	1380987
1758	1382203
1759	1381936
1760	1378160
1761	1377905
1762	1381169
1763	1380918
1764	1393266
1765	1394551
1766	1394279
1767	1398564
1768	1398324
1769	1393525
1770	1393253
1771	1397618
1772	1397302
1773	1398563
1774	1050163
1775	1050408
1776	1053560
1777	1053289
1778	1049465
1779	1049198
1780	1050474
1781	1054271
1782	1054511
1783	1066540
1784	1065788
1785	1069629
1786	1069869
1787	1065514
1788	1066798
1789	1066539
1790	1070891
1791	1070720
1792	1049472
1793	1049217
1794	1053569
1795	1053318
1796	1054594
1797	1050247
1798	1050519
1799	1054356
1800	1053572
1801	1065605
1802	1065877
1803	1069762
1804	1071046
1805	1070803
1806	1066947
1807	1066712
1808	1070728
1809	1069977
1810	1114761
1811	1115038
1812	1118938
1813	1120207
1814	1119967
1815	1116060
1816	1115788
1817	1119181
1818	1118941
1819	1131482
1820	1131422
1821	1135259
1822	1136603
1823	1136336
1824	1132432
1825	1132177
1826	1135569
1827	1135318
1828	1114770
1829	1115031
1830	1118919
1831	1120132
1832	1119892
1833	1116117
1834	1116037
1835	1119890
1836	1119190
1837	1131139
1838	1131411
1839	1135304
1840	1135256
1841	1136585
1842	1132249
1843	1132430
1844	1136330
1845	1136287
1846	1049551
1847	1049228
1848	1053596
1849	1053405
1850	1049229
1851	1050570
1852	1050254
1853	1054667
1854	1054603
1855	1066720
1856	1065888
1857	1069793
1858	1069729
1859	1065958
1860	1065634
1861	1066983
1862	1071031
1863	1070836
1864	1050596
1865	1050533
1866	1054453
1867	1053602
1868	1049318
1869	1049267
1870	1053603
1871	1053432
1872	1065640
1873	1067001
1874	1066729
1875	1070782
1876	1071098
1877	1066735
1878	1066687
1879	1070076
1880	1069804
1881	1114797
1882	1115133
1883	1118970
1884	1118910
1885	1120187
1886	1115899
1887	1115888
1888	1120176
1889	1120177
1890	1132273
1891	1131510
1892	1135538
1893	1135287
1894	1131175
1895	1131492
1896	1135348
1897	1135285
1898	1136549
1899	1116082
1900	1115894
1901	1120227
1902	1120243
1903	1115880
1904	1115832
1905	1119145
1906	1119161
1907	1131182
1908	1131178
1909	1135615
1910	1135343
1911	1131244
1912	1132540
1913	1132541
1914	1136365
1915	1136362
1916	1312750
1917	1312747
1918	1316587
1919	1316544
1920	1311680
1921	1311681
1922	1315521
1923	1315526
1924	1328066
1925	1328071
1926	1331927
1927	1331924
1928	1333188
1929	1329093
1930	1328853
1931	1332866
1932	1332870
1933	1312659
1934	1312643
1935	1316504
1936	1316552
1937	1311705
1938	1311689
1939	1315550
1940	1315482
1941	1327759
1942	1328031
1943	1332188
1944	1331916
1945	1327757
1946	1327773
1947	1329050
1948	1333214
1949	1332955
1950	1377947
1951	1377936
1952	1382352
1953	1382353
1954	1378193
1955	1377942
1956	1382098
1957	1381335
1958	1393543
1959	1393604
1960	1397460
1961	1397397
1962	1393349
1963	1393618
1964	1397654
1965	1397699
1966	1376979
1967	1376904
1968	1381080
1969	1381001
1970	1382297
1971	1378254
1972	1378186
1973	1382111
1974	1382031
1975	1394380
1976	1394652
1977	1398685
1978	1398733
1979	1394570
1980	1394382
1981	1398411
1982	1398475
1983	1312416
1984	1311712
1985	1315745
1986	1315809
1987	1311654
1988	1311458
1989	1315495
1990	1315575
1991	1327796
1992	1327780
1993	1332197
1994	1332149
1995	1328098
1996	1328038
1997	1331955
1998	1331939
1999	1311416
2000	1311464
2001	1315513
2002	1315497
2003	1316862
2004	1312698
2005	1312687
2006	1316863
2007	1316796
2008	1329068
2009	1328877
2010	1332925
2011	1332922
2012	1328894
2013	1328891
2014	1332923
2015	1332912
2016	1378288
2017	1378289
2018	1382321
2019	1382326
2020	1378290
2021	1378295
2022	1382375
2023	1382308
2024	1394612
2025	1394421
2026	1398501
2027	1398514
2028	1394358
2029	1394339
2030	1398451
2031	1398440
2032	1378040
2033	1378025
2034	1382137
2035	1382126
2036	1378026
2037	1377983
2038	1382063
2039	1382060
2040	1394364
2041	1394365
2042	1398445
2043	1398442
2044	1394350
2045	1394347
2046	1398443
2047	1397760
2048	1024
2049	1025
2050	5121
2051	5126
2052	1026
2053	1031
2054	5143
2055	5140
2056	17412
2057	17413
2058	21525
2059	21570
2060	17478
2061	17491
2062	21571
2063	21592
2064	1032
2065	1049
2066	5129
2067	5150
2068	1114
2069	1103
2070	5215
2071	5404
2072	17676
2073	17741
2074	21853
2075	21850
2076	17694
2077	17691
2078	21851
2079	21840
2080	66576
2081	66577
2082	70737
2083	70742
2084	66578
2085	66583
2086	70727
2087	70916
2088	83220
2089	83285
2090	87301
2091	87314
2092	83286
2093	86019
2094	86035
2095	65608
2096	65560
2097	69705
2098	69721
2099	65806
2100	65866
2101	69919
2102	69967
2103	81932
2104	81948
2105	86109
2106	86029
2107	81994
2108	82190
2109	86347
2110	86283
2111	352
2112	1056
2113	5217
2114	5153
2115	1126
2116	1314
2117	5479
2118	5431
2119	17780
2120	17508
2121	21541
2122	21621
2123	17698
2124	17766
2125	21811
2126	35
2127	120
2128	4136
2129	4217
2130	361
2131	318
2132	4474
2133	4207
2134	16447
2135	16508
2136	20844
2137	20781
2138	16765
2139	17530
2140	21566
2141	21819
2142	66939
2143	66928
2144	70704
2145	70705
2146	66673
2147	66934
2148	70962
2149	81975
2150	81959
2151	86116
2152	86388
2153	82229
2154	81957
2155	86066
2156	86134
2157	65891
2158	65907
2159	70760
2160	70712
2161	66857
2162	66873
2163	70702
2164	70698
2165	83071
2166	83311
2167	87404
2168	82044
2169	82045
2170	86381
2171	86378
2172	262254
2173	262251
2174	266603
2175	266560
2176	263232
2177	263233
2178	267585
2179	267590
2180	279618
2181	279623
2182	283991
2183	283988
2184	278596
2185	282693
2186	282965
2187	262146
2188	262150
2189	266515
2190	266499
2191	263192
2192	263240
2193	267609
2194	267593
2195	279646
2196	279834
2197	283919
2198	278559
2199	278620
2200	282956
2201	282637
2202	327709
2203	327962
2204	332126
2205	332891
2206	328987
2207	328976
2208	332880
2209	332881
2210	345361
2211	348182
2212	348242
2213	344407
2214	344071
2215	348228
2216	348500
2217	328725
2218	328773
2219	333138
2220	332822
2221	328771
2222	329043
2223	331784
2224	344152
2225	344329
2226	348185
2227	348238
2228	344330
2229	345183
2230	349455
2231	349516
2232	263260
2233	263453
2234	267597
2235	262154
2236	262478
2237	266251
2238	266315
2239	278816
2240	279648
2241	283937
2242	284001
2243	279590
2244	279906
2245	282663
2246	262263
2247	262452
2248	266276
2249	266597
2250	263221
2251	263266
2252	267558
2253	267379
2254	279907
2255	282680
2256	282728
2257	278841
2258	278569
2259	283006
2260	283706
2261	329007
2262	329087
2263	332860
2264	333100
2265	327789
2266	332093
2267	331834
2268	344190
2269	344443
2270	349243
2271	349488
2272	345200
2273	345457
2274	348209
2275	327990
2276	328050
2277	331895
2278	332135
2279	328740
2280	329012
2281	332917
2282	333157
2283	344178
2284	348470
2285	348195
2286	344371
2287	345128
2288	349304
2289	349545
2290	1145
2291	1390
2292	4202
2293	319
2294	47
2295	4396
2296	5180
2297	17725
2298	17453
2299	21802
2300	16430
2301	16683
2302	20523
2303	20864
2304	1152
2305	1409
2306	5249
2307	5510
2308	130
2309	4487
2310	4247
2311	16788
2312	17540
2313	21893
2314	21653
2315	17858
2316	20678
2317	20947
2318	65731
2319	66008
2320	71048
2321	70809
2322	66953
2323	69790
2324	70106
2325	82127
2326	82399
2327	87196
2328	87436
2329	83149
2330	83421
2331	86234
2332	65694
2333	65947
2334	70875
2335	71120
2336	66704
2337	66961
2338	69841
2339	82390
2340	82322
2341	87191
2342	87495
2343	83076
2344	83348
2345	86229
2346	133
2347	402
2348	5334
2349	5507
2350	1171
2351	1480
2352	4504
2353	16585
2354	16857
2355	21646
2356	21962
2357	17823
2358	20687
2359	20876
2360	156
2361	477
2362	5517
2363	5322
2364	1422
2365	4299
2366	4235
2367	16864
2368	17568
2369	21985
2370	21921
2371	16614
2372	20898
2373	20711
2374	66743
2375	67060
2376	70884
2377	65701
2378	66037
2379	69794
2380	70118
2381	83379
2382	83107
2383	87544
2384	82344
2385	82169
2386	86505
2387	87486
2388	66810
2389	67055
2390	70079
2391	65788
2392	66028
2393	71085
2394	70909
2395	83450
2396	86462
2397	86203
2398	82427
2399	83440
2400	87216
2401	262321
2402	262641
2403	266486
2404	267442
2405	263607
2406	263591
2407	266468
2408	279028
2409	278965
2410	283813
2411	283826
2412	280054
2413	282851
2414	282867
2415	262632
2416	263608
2417	267433
2418	262329
2419	262574
2420	266666
2421	267519
2422	280047
2423	280044
2424	282876
2425	278781
2426	279021
2427	284138
2428	283886
2429	327915
2430	332267
2431	332224
2432	328896
2433	328897
2434	333249
2435	344518
2436	344258
2437	349383
2438	349655
2439	345556
2440	348356
2441	348357
2442	328149
2443	329090
2444	333190
2445	327827
2446	327811
2447	332184
2448	333256
2449	345305
2450	348361
2451	348638
2452	344474
2453	345487
2454	349343
2455	262364
2456	262604
2457	266637
2458	267677
2459	263322
2460	266462
2461	266715
2462	278939
2463	279952
2464	283856
2465	278737
2466	278673
2467	283030
2468	284114
2469	263383
2470	266375
2471	266436
2472	262612
2473	263573
2474	267717
2475	278738
2476	278678
2477	283843
2478	284115
2479	279944
2480	283096
2481	283017
2482	328857
2483	328910
2484	331914
2485	328159
2486	328079
2487	333260
2488	333020
2489	344221
2490	348365
2491	349322
2492	345550
2493	345483
2494	348619
2495	328096
2496	328928
2497	332961
2498	327905
2499	327846
2500	332258
2501	333223
2502	345591
2503	348596
2504	348580
2505	345317
2506	345269
2507	348386
2508	1048742
2509	1049075
2510	1054179
2511	1054136
2512	1049064
2513	1053113
2514	1054121
2515	1066238
2516	1069242
2517	1069231
2518	1066239
2519	1066172
2520	1069228
2521	1049069
2522	1049021
2523	1054138
2524	1054206
2525	1049083
2526	1053115
2527	1054128
2528	1066224
2529	1069297
2530	1069233
2531	1066166
2532	1066226
2533	1069303
2534	1114343
2535	1115300
2536	1119412
2537	1119733
2538	1114597
2539	1118706
2540	1119670
2541	1131939
2542	1135027
2543	1135016
2544	1132024
2545	1132009
2546	1135097
2547	1114606
2548	1115626
2549	1119679
2550	1114543
2551	1114540
2552	1119676
2553	1119677
2554	1130925
2555	1135018
2556	1136046
2557	1131947
2558	1135019
2559	1134848
2560	1049856
2561	1049857
2562	1052929
2563	1048838
2564	1049858
2565	1053959
2566	1065239
2567	1065236
2568	1070340
2569	1070341
2570	1065237
2571	1069378
2572	1070406
2573	1049939
2574	1052995
2575	1053016
2576	1049864
2577	1049881
2578	1052937
2579	1065246
2580	1066330
2581	1070415
2582	1065311
2583	1066012
2584	1070092
2585	1114189
2586	1114205
2587	1119322
2588	1119262
2589	1114139
2590	1118299
2591	1119312
2592	1131792
2593	1134865
2594	1134929
2595	1131862
2596	1131794
2597	1134871
2598	1114439
2599	1115140
2600	1118228
2601	1114197
2602	1115141
2603	1119250
2604	1130582
2605	1130755
2606	1135891
2607	1135944
2608	1130776
2609	1134921
2610	1135961
2611	1310734
2612	1314890
2613	1315871
2614	1311823
2615	1315084
2616	1315100
2617	1328477
2618	1328397
2619	1331530
2620	1328142
2621	1328203
2622	1331211
2623	1310816
2624	1312032
2625	1316193
2626	1311009
2627	1311078
2628	1315874
2629	1327207
2630	1327159
2631	1332340
2632	1332580
2633	1327397
2634	1331573
2635	1332258
2636	1376358
2637	1380403
2638	1381667
2639	1377656
2640	1380648
2641	1380729
2642	1393769
2643	1396798
2644	1396858
2645	1394031
2646	1393983
2647	1397116
2648	1377388
2649	1377325
2650	1380477
2651	1376634
2652	1377598
2653	1380411
2654	1392763
2655	1393776
2656	1398064
2657	1392945
2658	1393009
2659	1397878
2660	1310770
2661	1311031
2662	1316135
2663	1316196
2664	1310836
2665	1315893
2666	1316133
2667	1327410
2668	1331574
2669	1332323
2670	1327219
2671	1331560
2672	1332536
2673	1310761
2674	1314873
2675	1316142
2676	1312042
2677	1315199
2678	1315951
2679	1328236
2680	1331580
2681	1331581
2682	1328237
2683	1331306
2684	1331566
2685	1377643
2686	1380459
2687	1380416
2688	1377600
2689	1377601
2690	1380417
2691	1393734
2692	1393986
2693	1397063
2694	1393751
2695	1393748
2696	1397060
2697	1376581
2698	1377365
2699	1380610
2700	1376518
2701	1377299
2702	1380355
2703	1392920
2704	1393992
2705	1396825
2706	1392713
2707	1394014
2708	1396762
2709	1048591
2710	1049887
2711	1054044
2712	1048652
2713	1049869
2714	1053981
2715	1064986
2716	1066078
2717	1070427
2718	1064987
2719	1066000
2720	1070416
2721	1048913
2722	1049617
2723	1053974
2724	1048914
2725	1049687
2726	1053959
2727	1065284
2728	1066068
2729	1070357
2730	1065285
2731	1066066
2732	1070358
2733	1114435
2734	1115219
2735	1119496
2736	1114456
2737	1115145
2738	1119513
2739	1130830
2740	1131530
2741	1135967
2742	1130511
2743	1131596
2744	1135964
2745	1114141
2746	1115213
2747	1119498
2748	1114190
2749	1115403
2750	1119563
2751	1130528
2752	1131872
2753	1134625
2754	1130593
2755	1131814
2756	1134690
2757	1048871
2758	1049975
2759	1052724
2760	1048868
2761	1049701
2762	1052981
2763	1065314
2764	1066022
2765	1069427
2766	1066083
2767	1066296
2768	1069416
2769	1049657
2770	1049897
2771	1052798
2772	1049914
2773	1052719
2774	1052799
2775	1066300
2776	1069100
2777	1069421
2778	1066045
2779	1069370
2780	1069438
2781	1115259
2782	1118523
2783	1119280
2784	1115504
2785	1118321
2786	1119537
2787	1130550
2788	1134706
2789	1135991
2790	1130599
2791	1134884
2792	1135668
2793	1114485
2794	1119333
2795	1119602
2796	1114166
2797	1119523
2798	1130547
2799	1130792
2800	1135992
2801	1130601
2802	1130873
2803	1135726
2804	1311082
2805	1311807
2806	1316143
2807	1310764
2808	1312060
2809	1314877
2810	1327405
2811	1328170
2812	1331502
2813	1328171
2814	1328427
2815	1331328
2816	1312128
2817	1314945
2818	1315201
2819	1311878
2820	1315202
2821	1315975
2822	1328535
2823	1331348
2824	1332612
2825	1327237
2826	1331605
2827	1332418
2828	1376710
2829	1381587
2830	1381827
2831	1376472
2832	1381512
2833	1393049
2834	1393801
2835	1398174
2836	1392858
2837	1394127
2838	1396959
2839	1376668
2840	1377420
2841	1380813
2842	1377501
2843	1377754
2844	1380766
2845	1393819
2846	1397211
2847	1397968
2848	1394064
2849	1396881
2850	1398225
2851	1310934
2852	1315986
2853	1316247
2854	1310919
2855	1316228
2856	1327252
2857	1327573
2858	1332613
2859	1327250
2860	1328598
2861	1331331
2862	1311123
2863	1311944
2864	1314968
2865	1312201
2866	1315033
2867	1315214
2868	1328330
2869	1331359
2870	1332687
2871	1327244
2872	1331612
2873	1332445
2874	1376397
2875	1381834
2876	1376398
2877	1376715
2878	1381771
2879	1392864
2880	1394080
2881	1396961
2882	1393825
2883	1394150
2884	1396898
2885	1377767
2886	1380791
2887	1381620
2888	1377764
2889	1380773
2890	1381621
2891	1393058
2892	1397990
2893	1392819
2894	1393059
2895	1398008
2896	4194472
2897	4195833
2898	4198633
2899	4195518
2900	4195834
2901	4198639
2902	4211903
2903	4215292
2904	4216044
2905	4210861
2906	4215293
2907	4216058
2908	4194494
2909	4199867
2910	4194555
2911	4195568
2912	4199856
2913	4211121
2914	4211953
2915	4215286
2916	4212146
2917	4214967
2918	4215975
2919	4261348
2920	4264180
2921	4265141
2922	4260261
2923	4265394
2924	4276470
2925	4276707
2926	4281843
2927	4276456
2928	4277432
2929	4280745
2930	4261305
2931	4264110
2932	4265130
2933	4261375
2934	4264175
2935	4265196
2936	4276732
2937	4281853
2938	4276461
2939	4277482
2940	4281838
2941	4194795
2942	4195563
2943	4198592
2944	4195776
2945	4198849
2946	4199617
2947	4210886
2948	4215234
2949	4216263
2950	4210903
2951	4216020
2952	4194756
2953	4195781
2954	4198613
2955	4195458
2956	4198534
2957	4198803
2958	4212099
2959	4214936
2960	4216008
2961	4211161
2962	4216265
2963	4260062
2964	4261018
2965	4264079
2966	4260255
2967	4261340
2968	4264140
2969	4277389
2970	4280477
2971	4281754
2972	4276702
2973	4281563
2974	4259995
2975	4261008
2976	4265424
2977	4260305
2978	4261265
2979	4264086
2980	4277458
2981	4280791
2982	4281735
2983	4276676
2984	4281556
2985	4456597
2986	4457669
2987	4462034
2988	4456854
2989	4457923
2990	4460755
2991	4473992
2992	4477144
2993	4478089
2994	4473241
2995	4478414
2996	4456842
2997	4457695
2998	4460687
2999	4457676
3000	4457948
3001	4460957
3002	4474317
3003	4477322
3004	4478158
3005	4472971
3006	4478155
3007	4522144
3008	4523488
3009	4526497
3010	4523489
3011	4526502
3012	4527330
3013	4538535
3014	4543735
3015	4538548
3016	4539556
3017	4543973
3018	4522421
3019	4523490
3020	4526502
3021	4523251
3022	4526307
3023	4527288
3024	4538600
3025	4543673
3026	4538537
3027	4539902
3028	4542906
3029	4457903
3030	4461055
3031	4462012
3032	4456876
3033	4461805
3034	4473021
3035	4474042
3036	4477182
3037	4474107
3038	4477115
3039	4478128
3040	4457968
3041	4461041
3042	4462001
3043	4456886
3044	4462066
3045	4473335
3046	4474343
3047	4477348
3048	4474292
3049	4477173
3050	4478181
3051	4522226
3052	4527286
3053	4522147
3054	4523187
3055	4526248
3056	4539640
3057	4542697
3058	4543737
3059	4538606
3060	4543722
3061	4522175
3062	4523183
3063	4526252
3064	4523196
3065	4526269
3066	4527277
3067	4538538
3068	4543662
3069	4538539
3070	4539563
3071	4542976
3072	4195840
3073	4198913
3074	4199937
3075	4194822
3076	4199938
3077	4211207
3078	4212247
3079	4215316
3080	4212228
3081	4215301
3082	4216341
3083	4194882
3084	4200006
3085	4194899
3086	4195907
3087	4199000
3088	4212232
3089	4215321
3090	4216329
3091	4211230
3092	4216410
3093	4260431
3094	4261471
3095	4264732
3096	4261644
3097	4264781
3098	4265821
3099	4277082
3100	4282142
3101	4277019
3102	4278107
3103	4281168
3104	4260368
3105	4265489
3106	4260433
3107	4261462
3108	4264466
3109	4277783
3110	4280903
3111	4282116
3112	4277012
3113	4282197
3114	4195077
3115	4196114
3116	4199254
3117	4195843
3118	4198931
3119	4200008
3120	4211224
3121	4216393
3122	4211289
3123	4212494
3124	4215626
3125	4196127
3126	4199247
3127	4194828
3128	4195868
3129	4199005
3130	4212237
3131	4215370
3132	4216590
3133	4211531
3134	4216587
3135	4260704
3136	4261408
3137	4264545
3138	4261409
3139	4264550
3140	4265762
3141	4277095
3142	4282167
3143	4277108
3144	4280932
3145	4281893
3146	4260469
3147	4265762
3148	4260710
3149	4261683
3150	4264483
3151	4277880
3152	4280872
3153	4281977
3154	4277097
3155	4282174
3156	4457338
3157	4461167
3158	4462143
3159	4457084
3160	4462444
3161	4473645
3162	4474749
3163	4477562
3164	4474430
3165	4477755
3166	4478843
3167	4457328
3168	4461104
3169	4458033
3170	4461169
3171	4462454
3172	4473650
3173	4478519
3174	4473383
3175	4474468
3176	4477812
3177	4523829
3178	4527653
3179	4522546
3180	4523638
3181	4526947
3182	4540275
3183	4543080
3184	4544056
3185	4539177
3186	4544313
3187	4523566
3188	4526634
3189	4527743
3190	4522863
3191	4527980
3192	4539004
3193	4540029
3194	4543341
3195	4540266
3196	4544110
3197	4457067
3198	4458347
3199	4461376
3200	4458048
3201	4461121
3202	4462401
3203	4473670
3204	4477506
3205	4474439
3206	4477783
3207	4478804
3208	4457028
3209	4462149
3210	4457301
3211	4461058
3212	4462086
3213	4473619
3214	4478723
3215	4473368
3216	4474440
3217	4477785
3218	4523849
3219	4527710
3220	4522778
3221	4523791
3222	4526623
3223	4539996
3224	4543308
3225	4538893
3226	4539933
3227	4543258
3228	4523870
3229	4526683
3230	4527899
3231	4522768
3232	4526672
3233	4539985
3234	4543249
3235	4544022
3236	4538962
3237	4544343
3238	5244423
3239	5247556
3240	5248852
3241	5243413
3242	5248581
3243	5260114
3244	5263894
3245	5264963
3246	5260115
3247	5264904
3248	5243480
3249	5244681
3250	5248537
3251	5243470
3252	5248778
3253	5259871
3254	5261071
3255	5264204
3256	5259868
3257	5265181
3258	5309261
3259	5309962
3260	5313358
3261	5308939
3262	5314123
3263	5325600
3264	5326432
3265	5329697
3266	5326689
3267	5330470
3268	5309282
3269	5309991
3270	5313143
3271	5310260
3272	5314084
3273	5325669
3274	5326389
3275	5329506
3276	5326630
3277	5330547
3278	5243747
3279	5244472
3280	5247592
3281	5244729
3282	5248553
3283	5260158
3284	5260858
3285	5264175
3286	5261183
3287	5264956
3288	5243692
3289	5244525
3290	5247805
3291	5243450
3292	5248638
3293	5260155
3294	5260859
3295	5264176
3296	5259888
3297	5265265
3298	5308977
3299	5310262
3300	5313394
3301	5309047
3302	5314407
3303	5325348
3304	5326644
3305	5330549
3306	5325669
3307	5330546
3308	5309238
3309	5313059
3310	5314355
3311	5308968
3312	5314168
3313	5325673
3314	5329529
3315	5330798
3316	5325418
3317	5330751
3318	5506607
3319	5509932
3320	5510716
3321	5505853
3322	5509677
3323	5523242
3324	5526062
3325	5527339
3326	5522987
3327	5526400
3328	5506688
3329	5510017
3330	5505665
3331	5506950
3332	5509762
3333	5523335
3334	5527191
3335	5522324
3336	5523076
3337	5526405
3338	5571221
3339	5576642
3340	5571270
3341	5572563
3342	5576387
3343	5587928
3344	5592968
3345	5588633
3346	5591945
3347	5592734
3348	5571546
3349	5575375
3350	5572575
3351	5575324
3352	5576588
3353	5588685
3354	5592029
3355	5588698
3356	5592734
3357	5505947
3358	5506779
3359	5510096
3360	5505680
3361	5511057
3362	5522129
3363	5523414
3364	5527442
3365	5522071
3366	5527495
3367	5506692
3368	5510036
3369	5510869
3370	5506693
3371	5510034
3372	5523158
3373	5526403
3374	5522067
3375	5523400
3376	5526424
3377	5571273
3378	5576665
3379	5571214
3380	5572554
3381	5576607
3382	5587663
3383	5592972
3384	5588636
3385	5592029
3386	5592973
3387	5572298
3388	5575566
3389	5572299
3390	5576331
3391	5587936
3392	5588640
3393	5592033
3394	5587873
3395	5592806
3396	5243810
3397	5247719
3398	5248695
3399	5243892
3400	5247716
3401	5260965
3402	5264373
3403	5259938
3404	5261286
3405	5264307
3406	5243555
3407	5249016
3408	5243816
3409	5247737
3410	5249001
3411	5260222
3412	5264122
3413	5261295
3414	5264319
3415	5309180
3416	5310444
3417	5313453
3418	5309181
3419	5314554
3420	5325758
3421	5329595
3422	5330939
3423	5325808
3424	5329584
3425	5310129
3426	5313521
3427	5309174
3428	5310130
3429	5313463
3430	5325735
3431	5330660
3432	5325812
3433	5329845
3434	5330597
3435	5244594
3436	5247990
3437	5244643
3438	5248755
3439	5260264
3440	5261240
3441	5265065
3442	5259961
3443	5265326
3444	5244842
3445	5247743
3446	5249007
3447	5244908
3448	5247740
3449	5260029
3450	5265389
3451	5260266
3452	5264110
3453	5265131
3454	5309419
3455	5313472
3456	5310144
3457	5314241
3458	5325761
3459	5326790
3460	5330626
3461	5325511
3462	5330903
3463	5310420
3464	5313220
3465	5309125
3466	5310421
3467	5313410
3468	5325702
3469	5330579
3470	5326467
3471	5329816
3472	5330888
3473	5506777
3474	5509833
3475	5507038
3476	5511066
3477	5522319
3478	5526175
3479	5527260
3480	5522380
3481	5526413
3482	5506973
3483	5510810
3484	5505758
3485	5507035
3486	5511067
3487	5522320
3488	5526224
3489	5523153
3490	5527185
3491	5571478
3492	5572562
3493	5576407
3494	5571207
3495	5575364
3496	5588948
3497	5591957
3498	5587909
3499	5588690
3500	5592726
3501	5571267
3502	5576659
3503	5572488
3504	5575640
3505	5587849
3506	5588633
3507	5592782
3508	5587594
3509	5593055
3510	5506959
3511	5510092
3512	5505756
3513	5506717
3514	5510861
3515	5522058
3516	5527502
3517	5523339
3518	5526475
3519	5505952
3520	5506784
3521	5510817
3522	5505761
3523	5509798
3524	5523426
3525	5526439
3526	5522423
3527	5523380
3528	5527460
3529	5571301
3530	5575349
3531	5572322
3532	5576358
3533	5587955
3534	5588963
3535	5593016
3536	5587944
3537	5591993
3538	5572521
3539	5576446
3540	5571258
3541	5575343
3542	5576447
3543	5588668
3544	5591724
3545	5588973
3546	5593021
3547	4195258
3548	4199422
3549	4200443
3550	4196283
3551	4199344
3552	4211440
3553	4216561
3554	4212401
3555	4215478
3556	4195058
3557	4196087
3558	4200167
3559	4194980
3560	4199092
3561	4212725
3562	4215781
3563	4211698
3564	4212662
3565	4216739
3566	4260787
3567	4264872
3568	4261880
3569	4265961
3570	4277241
3571	4281326
3572	4282346
3573	4278207
3574	4281263
3575	4260780
3576	4265916
3577	4261821
3578	4264877
3579	4277162
3580	4278190
3581	4282283
3582	4277163
3583	4281088
3584	4196096
3585	4200193
3586	4195073
3587	4199174
3588	4200194
3589	4212487
3590	4215575
3591	4211476
3592	4216580
3593	4196101
3594	4199189
3595	4195138
3596	4196166
3597	4200275
3598	4211523
3599	4215640
3600	4212488
3601	4216601
3602	4260617
3603	4264734
3604	4265818
3605	4261711
3606	4264799
3607	4276764
3608	4280844
3609	4277837
3610	4281949
3611	4260442
3612	4264478
3613	4265499
3614	4261467
3615	4264528
3616	4277008
3617	4282129
3618	4278097
3619	4281174
3620	4457234
3621	4458263
3622	4462407
3623	4457988
3624	4461076
3625	4473429
3626	4478469
3627	4474386
3628	4477526
3629	4457219
3630	4458259
3631	4462408
3632	4457240
3633	4461385
3634	4474713
3635	4478478
3636	4474442
3637	4477471
3638	4522575
3639	4523788
3640	4527900
3641	4522845
3642	4526861
3643	4540234
3644	4544014
3645	4539979
3646	4542987
3647	4522592
3648	4523808
3649	4527969
3650	4522785
3651	4526950
3652	4538914
3653	4544103
3654	4539959
3655	4543092
3656	4457316
3657	4458277
3658	4462453
3659	4458018
3660	4461158
3661	4473395
3662	4478755
3663	4474744
3664	4477736
3665	4457337
3666	4461161
3667	4462142
3668	4458106
3669	4461423
3670	4473663
3671	4478844
3672	4474476
3673	4478509
3674	4522621
3675	4526970
3676	4527934
3677	4523579
3678	4527739
3679	4538992
3680	4543280
3681	4540209
3682	4544369
3683	4523638
3684	4526642
3685	4522807
3686	4523815
3687	4527972
3688	4540020
3689	4543029
3690	4539173
3691	4544306
3692	4196214
3693	4200035
3694	4194931
3695	4199272
3696	4200248
3697	4212265
3698	4216377
3699	4211502
3700	4215594
3701	4196223
3702	4200047
3703	4195948
3704	4199292
3705	4211581
3706	4215405
3707	4216426
3708	4212590
3709	4215659
3710	4260459
3711	4264512
3712	4261696
3713	4265793
3714	4277825
3715	4280902
3716	4277058
3717	4278087
3718	4281943
3719	4261460
3720	4264772
3721	4260677
3722	4264533
3723	4278018
3724	4282118
3725	4277779
3726	4280835
3727	4195096
3728	4196168
3729	4200025
3730	4195913
3731	4199262
3732	4211226
3733	4215311
3734	4212511
3735	4216668
3736	4195916
3737	4199181
3738	4195101
3739	4198938
3740	4200030
3741	4212571
3742	4216347
3743	4211216
3744	4215632
3745	4261713
3746	4265489
3747	4261654
3748	4264786
3749	4276823
3750	4281095
3751	4282180
3752	4277844
3753	4282133
3754	4260677
3755	4264530
3756	4260630
3757	4265795
3758	4277843
3759	4282120
3760	4277080
3761	4280841
3762	4457241
3763	4458318
3764	4462090
3765	4458335
3766	4462095
3767	4473420
3768	4477788
3769	4473373
3770	4478541
3771	4458250
3772	4462158
3773	4457227
3774	4461387
3775	4473376
3776	4474720
3777	4478497
3778	4474465
3779	4477734
3780	4522594
3781	4526887
3782	4523895
3783	4527668
3784	4540196
3785	4544101
3786	4539189
3787	4543330
3788	4522534
3789	4523891
3790	4527715
3791	4523832
3792	4526952
3793	4538937
3794	4543273
3795	4539006
3796	4544314
3797	4458031
3798	4462207
3799	4457276
3800	4461100
3801	4473709
3802	4477501
3803	4478778
3804	4474750
3805	4478587
3806	4457275
3807	4461104
3808	4457328
3809	4461169
3810	4474673
3811	4478518
3812	4474482
3813	4477815
3814	4522599
3815	4526884
3816	4522548
3817	4523893
3818	4527717
3819	4540274
3820	4544054
3821	4539171
3822	4543027
3823	4522792
3824	4527992
3825	4523625
3826	4527993
3827	4540014
3828	4543338
3829	4538943
3830	4543279
3831	5243436
3832	5244732
3833	5248573
3834	5244717
3835	5248554
3836	5260078
3837	5263915
3838	5260075
3839	5264000
3840	5244800
3841	5248641
3842	5244801
3843	5248646
3844	5260162
3845	5264007
3846	5260183
3847	5264020
3848	5265284
3849	5310085
3850	5314453
3851	5310146
3852	5313478
3853	5325523
3854	5329859
3855	5325528
3856	5329544
3857	5310361
3858	5314185
3859	5310366
3860	5314266
3861	5325775
3862	5329631
3863	5325724
3864	5329548
3865	5330893
3866	5244637
3867	5248986
3868	5244830
3869	5248667
3870	5260251
3871	5264080
3872	5260176
3873	5264017
3874	5244881
3875	5248726
3876	5244562
3877	5248919
3878	5260999
3879	5264260
3880	5259924
3881	5264341
3882	5309317
3883	5313170
3884	5314518
3885	5310083
3886	5314451
3887	5326536
3888	5330584
3889	5325769
3890	5329625
3891	5309326
3892	5313226
3893	5309087
3894	5314511
3895	5326476
3896	5330844
3897	5326557
3898	5330573
3899	5505994
3900	5509774
3901	5505995
3902	5510027
3903	5522144
3904	5523360
3905	5527265
3906	5523105
3907	5527526
3908	5506722
3909	5510119
3910	5505975
3911	5509876
3912	5522404
3913	5526437
3914	5522165
3915	5527458
3916	5572326
3917	5576371
3918	5572515
3919	5576440
3920	5588648
3921	5592057
3922	5587689
3923	5591742
3924	5571578
3925	5575407
3926	5571263
3927	5572604
3928	5576428
3929	5588653
3930	5593085
3931	5588730
3932	5592766
3933	5505979
3934	5509883
3935	5505776
3936	5510064
3937	5522353
3938	5526257
3939	5523446
3940	5527474
3941	5506743
3942	5510823
3943	5507044
3944	5510900
3945	5523125
3946	5526437
3947	5522354
3948	5526262
3949	5571555
3950	5575667
3951	5571304
3952	5575352
3953	5576617
3954	5588921
3955	5592750
3956	5588650
3957	5593087
3958	5572335
3959	5576428
3960	5571580
3961	5575677
3962	5587693
3963	5591786
3964	5587950
3965	5592043
3966	5243627
3967	5247680
3968	5244864
3969	5248961
3970	5260993
3971	5265094
3972	5261250
3973	5265351
3974	5244631
3975	5248724
3976	5243844
3977	5247941
3978	5259989
3979	5264002
3980	5259910
3981	5264275
3982	5309315
3983	5313176
3984	5309128
3985	5310425
3986	5314505
3987	5326558
3988	5330586
3989	5326479
3990	5330847
3991	5310428
3992	5314252
3993	5310093
3994	5314205
3995	5325722
3996	5329886
3997	5325531
3998	5329563
3999	5243536
4000	5247952
4001	5243857
4002	5247889
4003	5259926
4004	5264082
4005	5261271
4006	5265287
4007	5244868
4008	5248724
4009	5244565
4010	5248709
4011	5261266
4012	5265302
4013	5261251
4014	5265107
4015	5310088
4016	5314264
4017	5310089
4018	5313433
4019	5325774
4020	5329802
4021	5325535
4022	5329551
4023	5309132
4024	5313500
4025	5309341
4026	5313485
4027	5325706
4028	5329614
4029	5325451
4030	5329611
4031	5505696
4032	5507040
4033	5511073
4034	5507041
4035	5511078
4036	5523170
4037	5527207
4038	5523191
4039	5527220
4040	5506724
4041	5511141
4042	5506997
4043	5511138
4044	5523366
4045	5527283
4046	5523171
4047	5527224
4048	5572328
4049	5576377
4050	5572265
4051	5575678
4052	5587898
4053	5591983
4054	5587967
4055	5591996
4056	5571500
4057	5575405
4058	5571261
4059	5575354
4060	5587710
4061	5591803
4062	5587643
4063	5591728
4064	5506032
4065	5510129
4066	5505969
4067	5510070
4068	5522418
4069	5526519
4070	5522407
4071	5526436
4072	5505972
4073	5509877
4074	5505765
4075	5509874
4076	5522102
4077	5526179
4078	5522099
4079	5526184
4080	5571320
4081	5575401
4082	5571321
4083	5575406
4084	5587690
4085	5591743
4086	5587631
4087	5591724
4088	5571260
4089	5575357
4090	5571245
4091	5575338
4092	5587630
4093	5591723
4094	5587627
4095	5593088
4096	2048
4097	6145
4098	2049
4099	6150
4100	18434
4101	22535
4102	18455
4103	22548
4104	2052
4105	6149
4106	2069
4107	6210
4108	18502
4109	22611
4110	18499
4111	22616
4112	67592
4113	71705
4114	67593
4115	71710
4116	84058
4117	88143
4118	84063
4119	88348
4120	67852
4121	72013
4122	67933
4123	72026
4124	84254
4125	88347
4126	84315
4127	88400
4128	2064
4129	6161
4130	2129
4131	6230
4132	18450
4133	22551
4134	18503
4135	22788
4136	2324
4137	6485
4138	2309
4139	6418
4140	18774
4141	23555
4142	19475
4143	23624
4144	68632
4145	72777
4146	68697
4147	72974
4148	85322
4149	89375
4150	85327
4151	89100
4152	68636
4153	72797
4154	68621
4155	72778
4156	85262
4157	89419
4158	85259
4159	89440
4160	268320
4161	264289
4162	268321
4163	280678
4164	284962
4165	280935
4166	284983
4167	264564
4168	268388
4169	264229
4170	268405
4171	280866
4172	285030
4173	280883
4174	285731
4175	330872
4176	334888
4177	330873
4178	335209
4179	347454
4180	351610
4181	347247
4182	351295
4183	330876
4184	335212
4185	331053
4186	335229
4187	346234
4188	350270
4189	346427
4190	350587
4191	264560
4192	268336
4193	264241
4194	268401
4195	280950
4196	284978
4197	281655
4198	285735
4199	265316
4200	269684
4201	265525
4202	269349
4203	281650
4204	285814
4205	281955
4206	286067
4207	333928
4208	329784
4209	334121
4210	346425
4211	350254
4212	346154
4213	350335
4214	330095
4215	334188
4216	330876
4217	334973
4218	347501
4219	351594
4220	347246
4221	351339
4222	3435
4223	7488
4224	2112
4225	6209
4226	18753
4227	22854
4228	18498
4229	22599
4230	2391
4231	6484
4232	3140
4233	7237
4234	19797
4235	23554
4236	19462
4237	23827
4238	68867
4239	67608
4240	71752
4241	84313
4242	88393
4243	84062
4244	88346
4245	67855
4246	72735
4247	68700
4248	73036
4249	85005
4250	89117
4251	85274
4252	89438
4253	2139
4254	6427
4255	2320
4256	6224
4257	18513
4258	22801
4259	19478
4260	23634
4261	3415
4262	7175
4263	3140
4264	7508
4265	22549
4266	18501
4267	22866
4268	67606
4269	71747
4270	67923
4271	72712
4272	85080
4273	89353
4274	85017
4275	89166
4276	68874
4277	71775
4278	67855
4279	72012
4280	84060
4281	88349
4282	84301
4283	89098
4284	265550
4285	269323
4286	265291
4287	269600
4288	284768
4289	280865
4290	285025
4291	264230
4292	268642
4293	265255
4294	269431
4295	281908
4296	285732
4297	281957
4298	284725
4299	329826
4300	334118
4301	329843
4302	334179
4303	347192
4304	351336
4305	347449
4306	351273
4307	331134
4308	329786
4309	334127
4310	346495
4311	350268
4312	346412
4313	351341
4314	265533
4315	269370
4316	265342
4317	269691
4318	280635
4319	284976
4320	280688
4321	285041
4322	265265
4323	269622
4324	265586
4325	269431
4326	281959
4327	280612
4328	284980
4329	329845
4330	334181
4331	330866
4332	335158
4333	347171
4334	351539
4335	346152
4336	350328
4337	330089
4338	333945
4339	330094
4340	334954
4341	347455
4342	351279
4343	347436
4344	1050684
4345	1055037
4346	1050669
4347	1055018
4348	1068078
4349	1072427
4350	1068075
4351	1072512
4352	1050752
4353	1055105
4354	1050753
4355	1055110
4356	1068162
4357	1072519
1050	17245
1051	18266
